[ [ 1 ], [ 2, 17, 33, 257, 1025, 3, 65, 513, 129, 2049, 5, 9 ], 
  [ 4, 529, 2081, 273, 1057, 515, 1026, 2051, 258, 18, 35, 19, 34, 73, 577, 
      81, 521, 321, 2561, 137, 2177, 2057, 161, 1153, 69, 261, 1281, 133, 
      1029, 13 ], 
  [ 6, 1041, 289, 385, 1089, 1027, 1033, 259, 265, 130, 37, 21, 66, 49, 514, 
      769, 2050, 3073, 2053, 193, 517, 545, 131, 641, 41, 2065, 67, 2113, 25, 
      11 ], [ 7, 1537, 2305, 145, 97, 10 ], 
  [ 8, 1553, 2337, 401, 1121, 1539, 1034, 2307, 266, 146, 39, 23, 98, 74, 
      1601, 113, 522, 353, 2817, 138, 2433, 2058, 177, 3585, 1169, 101, 2309, 
      209, 3329, 149, 225, 1541, 1793, 609, 147, 1665, 42, 2193, 99, 2369, 
      26, 2306, 2055, 519, 1538, 2313, 263, 71, 14, 153, 1545, 2321, 15, 
      1031, 2145, 135, 105, 1569, 657, 12 ], 
  [ 16, 1681, 2401, 2449, 1633, 1543, 1546, 2311, 2314, 154, 103, 151, 106, 
      241, 3841 ], 
  [ 20, 593, 2083, 337, 1058, 531, 1282, 2563, 274, 36, 77, 585, 325, 2569, 
      2185, 2209, 1185, 1285, 1157, 141 ], 
  [ 22, 1105, 291, 449, 1090, 1043, 1289, 771, 281, 386, 38, 533, 68, 70, 
      1097, 305, 578, 293, 777, 2178, 417, 2562, 2097, 3075, 1073, 45, 2117, 
      705, 3077, 1045, 1217, 773, 770, 561, 132, 645, 1065, 2073, 2115, 2129, 
      27, 3074, 2085, 2565, 546, 393, 1283, 323, 134, 29, 3081, 2066, 75, 
      1155, 2241, 139, 553, 673, 643, 43 ], 
  [ 24, 1617, 2339, 465, 1122, 1555, 1290, 2819, 282, 402, 40, 535, 100, 78, 
      1609, 369, 586, 357, 2825, 2186, 2465, 2570, 2225, 3587, 1201, 109, 
      2373, 721, 3333, 1173, 1249, 1797, 1794, 625, 148, 1669, 1066, 2201, 
      2147, 2385, 28, 3330, 2087, 2567, 1570, 2441, 1287, 327, 142, 157, 
      3593, 2322, 79, 1159, 2273, 143, 617, 1697, 659, 44 ], 
  [ 30, 1233, 355, 2497, 1602, 1047, 1801, 775, 2329, 394, 102, 661, 76, 
      1129, 433, 2341, 2194, 2818, 2161, 3331, 1585, 47, 2119, 737, 3589, 
      136, 155, 3082, 554, 1667 ], 
  [ 31, 1729, 2371, 2257, 610, 1557, 778, 2821, 2074, 409, 72, 647, 107, 46, 
      1577, 481, 1098, 2149, 3337, 2353, 1795, 689, 1171, 1137, 3586, 150, 
      140, 295, 3079, 2434 ], 
  [ 32, 1745, 2403, 2513, 1634, 1559, 1802, 2823, 2330, 410, 104, 663, 108, 
      110, 1641, 497, 1610, 2405, 3849, 2202, 2481, 2826, 2289, 3843, 1713, 
      111, 2375, 753, 3845, 1175, 1265, 1799, 3842, 1649, 152, 1685, 1130, 
      2457, 2151, 2417, 156, 3338, 2343, 3591, 1578, 2442, 3335, 359, 144, 
      158, 3594, 2450, 80, 1671, 2529, 159, 618, 1761, 1683, 48 ], 
  [ 50, 83, 163, 322, 1154, 2067, 1313, 547, 1297, 260, 2082, 530, 1028, 581, 
      89, 785, 2625, 277, 523, 2181, 169, 2689, 3105, 2059, 1061, 269, 1093, 
      833, 1030, 1037, 3201, 389, 262, 537, 516, 165, 1059, 2089, 2052, 85, 
      275, 1042, 2593, 2577, 290, 649, 1345, 329, 197, 2061, 2121, 82, 201, 
      1409, 2179, 1161, 525, 162, 579, 51 ], 
  [ 52, 595, 2211, 338, 1186, 2579, 1314, 2595, 1298, 276, 2084, 532, 1060, 
      589, 601, 849, 2633, 341, 2571, 2189, 2217, 2697, 3233, 1189, 333, 
      1349, 1286, 1165, 1413, 205 ], 
  [ 53, 1091, 387, 194, 3089, 297, 801, 1049, 2054, 518, 2114, 267, 642, 
      1035, 3137, 897, 57, 549, 2069, 195 ], 
  [ 54, 1107, 419, 450, 1218, 3091, 1321, 803, 1305, 388, 2086, 534, 1092, 
      582, 1113, 817, 2626, 309, 779, 2182, 425, 2690, 3121, 3083, 1077, 301, 
      3141, 961, 3078, 1053, 3265, 901, 774, 569, 644, 677, 1067, 2105, 2116, 
      2133, 283, 3090, 2597, 2581, 802, 905, 1347, 331, 198, 2077, 3145, 
      2130, 203, 1411, 2243, 1163, 557, 674, 707, 59 ], 
  [ 55, 1603, 2435, 210, 226, 3601, 298, 2849, 1050, 403, 2056, 520, 1123, 
      526, 1561, 865, 2122, 117, 2315, 2062, 2345, 650, 3217, 1547, 181, 361, 
      3393, 913, 2310, 1177, 3169, 1921, 1542, 121, 658, 1573, 1036, 185, 
      2146, 2325, 268, 3345, 551, 2071, 1825, 2945, 1095, 271, 202, 2197, 
      3649, 2370, 199, 391, 227, 1039, 613, 1666, 211, 58 ], 
  [ 56, 1619, 2467, 466, 1250, 3603, 1322, 2851, 1306, 404, 2088, 536, 1124, 
      590, 1625, 881, 2634, 373, 2827, 2190, 2473, 2698, 3249, 3595, 1205, 
      365, 3397, 977, 3334, 1181, 3297, 1925, 1798, 633, 660, 1701, 1068, 
      2233, 2148, 2389, 284, 3346, 2599, 2583, 1826, 2953, 1351, 335, 206, 
      2205, 3657, 2386, 207, 1415, 2275, 1167, 621, 1698, 723, 60 ], 
  [ 61, 1219, 451, 2242, 706, 3093, 809, 805, 3097, 395, 2118, 646, 1099, 
      550, 1081, 929, 3138, 2101, 1291, 2070, 313, 898, 3153, 565, 299, 3139, 
      2566, 1051, 899, 196 ], 
  [ 62, 1235, 483, 2498, 1730, 3095, 1833, 807, 3353, 396, 2150, 662, 1100, 
      614, 1145, 945, 3650, 2357, 1803, 2198, 441, 2946, 3185, 3339, 1589, 
      303, 3143, 993, 3590, 1055, 3281, 903, 2822, 1593, 648, 693, 1131, 
      2361, 2120, 2165, 411, 3098, 2853, 3605, 810, 906, 3395, 363, 200, 
      2078, 3146, 2258, 204, 1923, 2499, 1179, 558, 738, 1731, 63 ], 
  [ 64, 1747, 2531, 2514, 1762, 3607, 1834, 2855, 3354, 412, 2152, 664, 1132, 
      622, 1657, 1009, 3658, 2421, 3851, 2206, 2489, 2954, 3313, 1717, 367, 
      3399, 3846, 1183, 1927, 208 ], 
  [ 84, 597, 2099, 345, 1074, 787, 1346, 2627, 786, 278, 292, 539, 548, 1101, 
      713, 1361, 841, 453, 2573, 2187, 2210, 2585, 2721, 2564, 1187, 2125, 
      837, 2641, 1293, 1158, 1441, 1301, 1284, 594, 1044, 1221, 1062, 2249, 
      2091, 339, 2068, 1410, 3107, 2691, 3106, 3209, 1317, 326, 173, 397, 
      2601, 306, 93, 3205, 2213, 653, 587, 1193, 563, 164 ], 
  [ 86, 1109, 307, 457, 1106, 1299, 1353, 835, 793, 390, 294, 541, 580, 1094, 
      1225, 1329, 834, 421, 781, 2180, 418, 2578, 2609, 3076, 1075, 2093, 
      2629, 2753, 3085, 1046, 1473, 789, 772, 562, 1156, 709, 1069, 2137, 
      2123, 2131, 2075, 3202, 3109, 2693, 2594, 1417, 1315, 324, 166, 285, 
      3113, 2098, 91, 3203, 2245, 651, 555, 681, 675, 171 ], 
  [ 87, 1605, 2323, 217, 114, 1809, 330, 2881, 538, 405, 264, 527, 611, 1038, 
      1673, 1377, 229, 2317, 2060, 2338, 2705, 1540, 179, 2153, 1170, 3457, 
      1063, 2183, 3617, 170 ], 
  [ 88, 1621, 2355, 473, 1138, 1811, 1354, 2883, 794, 406, 296, 543, 612, 
      1102, 1737, 1393, 842, 485, 2829, 2188, 2466, 2586, 2737, 3588, 1203, 
      2157, 2885, 2769, 3341, 1174, 1505, 1813, 1796, 626, 1172, 1733, 1070, 
      2265, 2155, 2387, 2076, 3458, 3111, 2695, 3618, 3465, 1319, 328, 174, 
      413, 3625, 2354, 95, 3207, 2277, 655, 619, 1705, 691, 172 ], 
  [ 90, 213, 115, 2377, 1554, 279, 1857, 583, 2833, 270, 354, 665, 524, 1125, 
      233, 1425, 2437, 1549, 2195, 178, 2657, 2308, 1571, 2063, 1032, 1162, 
      3361, 3713, 2090, 167 ], 
  [ 92, 725, 2163, 2393, 1586, 791, 1858, 2631, 2834, 286, 356, 667, 556, 
      1133, 745, 1489, 1865, 2501, 3597, 2203, 2226, 2841, 2785, 2820, 1699, 
      2127, 839, 2673, 1805, 1160, 1457, 1303, 3332, 1618, 1048, 1237, 1126, 
      2505, 2095, 371, 2196, 1418, 3363, 3715, 3114, 3210, 3365, 358, 175, 
      398, 2602, 434, 94, 3717, 2469, 669, 588, 1257, 1587, 168 ], 
  [ 96, 1749, 2419, 2521, 1650, 1815, 1866, 2887, 2842, 414, 360, 671, 620, 
      1134, 1769, 1521, 2533, 3853, 2204, 2482, 2801, 3844, 1715, 2159, 1176, 
      3466, 3367, 3719, 3626, 176 ], 
  [ 112, 1687, 2545, 2458, 1777, 3847, 1642, 2407, 3850, 160 ], 
  [ 116, 599, 2227, 346, 1202, 2835, 1378, 2659, 1810, 280, 2340, 540, 1572, 
      1613, 729, 1873, 2889, 469, 2575, 2191, 2218, 2713, 3745, 2572, 1191, 
      2381, 1861, 2897, 1294, 1166, 3489, 1429, 1288, 602, 1556, 1253, 1064, 
      2281, 2092, 343, 2324, 1426, 3619, 2707, 3362, 3721, 1381, 334, 237, 
      2445, 2665, 370, 221, 3461, 2215, 1677, 591, 1194, 627, 180 ], 
  [ 118, 1111, 435, 458, 1234, 3347, 1385, 867, 1817, 392, 2342, 542, 1604, 
      1606, 1241, 1841, 2882, 437, 783, 2184, 426, 2706, 3633, 3084, 1079, 
      2349, 3653, 3009, 3086, 1054, 3521, 917, 776, 570, 1668, 741, 1071, 
      2169, 2124, 2135, 2331, 3218, 3621, 2709, 2850, 1929, 1379, 332, 230, 
      2333, 3177, 2162, 219, 3459, 2247, 1675, 559, 682, 739, 187 ], 
  [ 119, 1607, 2451, 218, 242, 3857, 362, 2913, 1562, 407, 2312, 528, 1635, 
      1550, 1689, 1889, 2378, 245, 2319, 2064, 2346, 666, 3729, 1548, 183, 
      2409, 3905, 2961, 2318, 1178, 3425, 1937, 1544, 122, 1682, 1637, 1040, 
      249, 2154, 2327, 2316, 3473, 1575, 2199, 3873, 3969, 1127, 272, 234, 
      2453, 3681, 2402, 215, 2439, 231, 1551, 615, 1674, 243, 186 ], 
  [ 120, 1623, 2483, 474, 1266, 3859, 1386, 2915, 1818, 408, 2344, 544, 1636, 
      1614, 1753, 1905, 2890, 501, 2831, 2192, 2474, 2714, 3761, 3596, 1207, 
      2413, 3909, 3025, 3342, 1182, 3553, 1941, 1800, 634, 1684, 1765, 1072, 
      2297, 2156, 2391, 2332, 3474, 3623, 2711, 3874, 3977, 1383, 336, 238, 
      2461, 3689, 2418, 223, 3463, 2279, 1679, 623, 1706, 755, 188 ], 
  [ 123, 711, 2259, 2138, 690, 2837, 866, 2661, 3602, 287, 2372, 652, 1579, 
      1581, 697, 1985, 3401, 2261, 3087, 2079, 2106, 921, 3777, 780, 679, 
      2379, 1859, 2865, 782, 1164, 3377, 1427, 3080, 1114, 1558, 1141, 1096, 
      489, 2094, 311, 2436, 1433, 1827, 3219, 3369, 3714, 3173, 302, 235, 
      2438, 2658, 482, 214, 2949, 423, 1565, 584, 1226, 1139, 182 ], 
  [ 124, 727, 2291, 2394, 1714, 2839, 1890, 2663, 3858, 288, 2404, 668, 1580, 
      1645, 761, 2001, 3913, 2517, 3599, 2207, 2234, 2969, 3809, 2828, 1703, 
      2383, 1863, 2929, 1806, 1168, 3505, 1431, 3336, 1626, 1560, 1269, 1128, 
      2537, 2096, 375, 2452, 1434, 3875, 3731, 3370, 3722, 3429, 366, 239, 
      2446, 2666, 498, 222, 3973, 2471, 1693, 592, 1258, 1651, 184 ], 
  [ 125, 1223, 467, 2250, 722, 3349, 873, 869, 3609, 399, 2374, 654, 1611, 
      1574, 1209, 1953, 3394, 2229, 1295, 2072, 314, 914, 3665, 1292, 567, 
      2347, 3651, 2977, 2574, 1052, 3409, 915, 2568, 1082, 1670, 629, 1103, 
      377, 2126, 2103, 2443, 3225, 1829, 3221, 2857, 1922, 3171, 300, 228, 
      2326, 3170, 2274, 212, 2947, 455, 1563, 552, 714, 1251, 189 ], 
  [ 126, 1239, 499, 2506, 1746, 3351, 1897, 871, 3865, 400, 2406, 670, 1612, 
      1638, 1273, 1969, 3906, 2485, 1807, 2200, 442, 2962, 3697, 3340, 1591, 
      2351, 3655, 3041, 3598, 1056, 3537, 919, 2824, 1594, 1672, 757, 1135, 
      2425, 2128, 2167, 2459, 3226, 3877, 3733, 2858, 1930, 3427, 364, 232, 
      2334, 3178, 2290, 220, 3971, 2503, 1691, 560, 746, 1763, 191 ], 
  [ 127, 1735, 2515, 2266, 754, 3861, 874, 2917, 3610, 415, 2376, 656, 1643, 
      1582, 1721, 2017, 3402, 2293, 3343, 2080, 2362, 922, 3793, 1804, 695, 
      2411, 3907, 2993, 2830, 1180, 3441, 1939, 3592, 1146, 1686, 1653, 1104, 
      505, 2158, 2359, 2444, 3481, 1831, 3223, 3881, 3970, 3175, 304, 236, 
      2454, 3682, 2530, 216, 2951, 487, 1567, 616, 1738, 1267, 190 ], 
  [ 128, 1751, 2547, 2522, 1778, 3863, 1898, 2919, 3866, 416, 2408, 672, 
      1644, 1646, 1785, 2033, 3914, 2549, 3855, 2208, 2490, 2970, 3825, 3852, 
      1719, 2415, 3911, 3057, 3854, 1184, 3569, 1943, 3848, 1658, 1688, 1781, 
      1136, 2553, 2160, 2423, 2460, 3482, 3879, 3735, 3882, 3978, 3431, 368, 
      240, 2462, 3690, 2546, 224, 3975, 2535, 1695, 624, 1770, 1779, 192 ], 
  [ 244, 631, 2231, 378, 1210, 2963, 3426, 3683, 1938, 2328, 2348, 1564, 
      1576, 1615, 730, 3921, 2921, 471, 2576, 2447, 2282, 3737, 4001, 1255, 
      2382, 1893, 1296, 1678, 3477, 253 ], 
  [ 246, 1143, 439, 490, 1242, 3475, 3433, 1891, 1945, 2440, 2350, 1566, 
      1608, 3889, 2914, 784, 3730, 3088, 3685, 4033, 2965, 698, 1676, 743, 
      1583, 2170, 2380, 2263, 2335, 251 ], 
  [ 247, 1639, 2455, 250, 3985, 2410, 3937, 1690, 2320, 1552 ], 
  [ 248, 1655, 2487, 506, 1274, 3987, 3434, 3939, 1946, 2456, 2352, 1568, 
      1640, 1616, 1754, 3953, 2922, 503, 2832, 2448, 2538, 3738, 4017, 3600, 
      1271, 2414, 3941, 4049, 3344, 1694, 4065, 3989, 1808, 762, 1692, 1767, 
      1584, 2298, 2412, 2519, 2336, 3986, 3687, 2967, 3938, 3993, 1895, 2384, 
      254, 2463, 3945, 2426, 255, 3479, 2295, 1680, 1647, 1722, 759, 252 ], 
  [ 256, 1783, 2551, 2554, 1786, 3991, 3946, 3943, 3994, 2464, 2416, 1696, 
      1648, 4081, 3856 ], 
  [ 308, 851, 2212, 342, 1442, 2580, 1318, 2611, 1362, 1300, 3108, 596, 1076, 
      845, 605, 850, 2649, 1365, 2635, 2221, 3241, 2699, 3235, 2603, 1190, 
      461, 1357, 857, 1414, 1421, 3237, 1477, 1302, 603, 564, 1197, 1188, 
      2729, 2596, 853, 788, 1330, 2723, 2587, 1316, 2701, 1350, 349, 1229, 
      2253, 2761, 340, 717, 1445, 2219, 3213, 2637, 3234, 2643, 2100 ], 
  [ 310, 1363, 420, 454, 1474, 3092, 1325, 819, 1369, 1412, 3110, 598, 1108, 
      838, 1117, 818, 2642, 1333, 843, 2214, 1449, 2692, 3123, 3115, 1078, 
      429, 3149, 969, 3206, 1309, 3269, 965, 790, 571, 676, 685, 1195, 2617, 
      2628, 2645, 795, 3122, 2725, 2589, 804, 909, 1348, 347, 1222, 2141, 
      3273, 2132, 715, 1443, 2251, 3211, 2605, 2722, 2755, 2107 ], 
  [ 312, 1875, 2468, 470, 1506, 3604, 1326, 2867, 1370, 1428, 3112, 600, 
      1140, 846, 1629, 882, 2650, 1397, 2891, 2222, 3497, 2700, 3251, 3627, 
      1206, 493, 3405, 985, 3462, 1437, 3301, 1989, 1814, 635, 692, 1709, 
      1196, 2745, 2660, 2901, 796, 3378, 2727, 2591, 1828, 2957, 1352, 351, 
      1230, 2269, 3785, 2388, 719, 1447, 2283, 3215, 2669, 3746, 2771, 2108 ],
  [ 315, 963, 2244, 2134, 930, 2582, 806, 2613, 3154, 1307, 3140, 708, 1083, 
      813, 573, 962, 3161, 3157, 3147, 2109, 3129, 907, 3267, 811, 678, 459, 
      1355, 825, 902, 1419, 3125, 1475, 3094, 1115, 566, 1085, 1220, 937, 
      2598, 821, 900, 1337, 931, 3099, 1323, 2694, 3142, 317, 1227, 2246, 
      2754, 452, 710, 933, 427, 3101, 2630, 3266, 3155, 2102 ], 
  [ 316, 979, 2276, 2390, 1954, 2584, 1830, 2615, 3410, 1308, 3172, 724, 
      1084, 877, 637, 978, 3673, 3413, 3659, 2237, 3257, 2955, 3299, 2859, 
      1702, 463, 1359, 889, 1926, 1423, 3253, 1479, 3350, 1627, 568, 1213, 
      1252, 2985, 2600, 885, 916, 1338, 2979, 3611, 1324, 2702, 3398, 381, 
      1231, 2254, 2762, 468, 718, 1957, 2475, 3229, 2638, 3298, 3667, 2104 ], 
  [ 318, 1491, 484, 2502, 1986, 3096, 1837, 823, 3417, 1420, 3174, 726, 1116, 
      870, 1149, 946, 3666, 3381, 1867, 2230, 1465, 2948, 3187, 3371, 1590, 
      431, 3151, 1001, 3718, 1311, 3285, 967, 2838, 1595, 680, 701, 1259, 
      2873, 2632, 2677, 923, 3130, 2981, 3613, 812, 910, 3396, 379, 1224, 
      2142, 3274, 2260, 716, 1955, 2507, 3227, 2606, 2786, 3779, 2111 ], 
  [ 319, 1987, 2500, 2262, 994, 3606, 814, 2869, 3162, 1435, 3144, 712, 1147, 
      1597, 3189, 3403, 2110, 3385, 908, 3283, 1835, 694, 491, 953, 2950, 
      1228, 2662, 935, 3103, 3778 ], 
  [ 320, 2003, 2532, 2518, 2018, 3608, 1838, 2871, 3418, 1436, 3176, 728, 
      1148, 878, 1661, 1010, 3674, 3445, 3915, 2238, 3513, 2956, 3315, 3883, 
      1718, 495, 3407, 1017, 3974, 1439, 3317, 1991, 3862, 1659, 696, 1725, 
      1260, 3001, 2664, 2933, 924, 3386, 2983, 3615, 1836, 2958, 3400, 383, 
      1232, 2270, 3786, 2516, 720, 1959, 2539, 3231, 2670, 3810, 3795, 2112 ],
  [ 344, 1877, 2356, 477, 1394, 1812, 1358, 2899, 858, 1430, 1320, 607, 628, 
      1741, 1509, 2893, 2220, 3490, 2588, 2739, 3620, 1204, 2285, 2777, 3469, 
      1198, 2667, 3239, 2703, 3753 ], 
  [ 348, 981, 2164, 2397, 1842, 792, 1862, 2647, 2898, 1310, 1380, 731, 572, 
      1389, 749, 1490, 1881, 3525, 3661, 2235, 3250, 2843, 2787, 2852, 1700, 
      2255, 847, 2681, 1933, 1416, 1461, 1367, 3348, 1620, 1080, 1245, 1254, 
      3017, 2607, 883, 2708, 1450, 3491, 3723, 3116, 3214, 3366, 374, 1199, 
      462, 2730, 436, 606, 3749, 2477, 2717, 2636, 3305, 3635, 2216 ], 
  [ 350, 1493, 372, 2509, 1874, 1304, 1869, 855, 2905, 1422, 1382, 733, 604, 
      1261, 1458, 3493, 2228, 2836, 2675, 3364, 1588, 2223, 2639, 2793, 3725, 
      1192, 2715, 3242, 2604, 3747 ], 
  [ 352, 2005, 2420, 2525, 1906, 1816, 1870, 2903, 2906, 1438, 1384, 735, 
      636, 1390, 1773, 1522, 1882, 3557, 3917, 2236, 3506, 2844, 2803, 3876, 
      1716, 2287, 2895, 2809, 3981, 1432, 1525, 1879, 3860, 1652, 1208, 1757, 
      1262, 3033, 2671, 2931, 2716, 3498, 3495, 3727, 3628, 3470, 3368, 376, 
      1200, 478, 3754, 2484, 608, 3751, 2541, 2719, 2668, 3817, 3763, 2224 ], 
  [ 380, 983, 2292, 2398, 1970, 2840, 1894, 2679, 3922, 1312, 3428, 732, 
      1596, 1901, 765, 2002, 3929, 3541, 3663, 2239, 3258, 2971, 3811, 2860, 
      1704, 2511, 1871, 2937, 1934, 1424, 3509, 1495, 3352, 1628, 1592, 1277, 
      1256, 3049, 2608, 887, 2964, 1466, 4003, 3739, 3372, 3726, 3430, 382, 
      1263, 2510, 2794, 500, 734, 4005, 2479, 3741, 2640, 3306, 3699, 2232 ], 
  [ 384, 2007, 2548, 2526, 2034, 3864, 1902, 2935, 3930, 1440, 3432, 736, 
      1660, 1789, 3573, 3919, 2240, 3514, 2972, 3827, 3884, 1720, 2543, 3065, 
      3982, 1264, 2672, 4007, 3743, 3818 ], 
  [ 422, 1331, 1481, 3204, 3117, 1110, 836, 2610, 797, 2757, 683, 2139 ], 
  [ 424, 1843, 2470, 438, 1513, 3716, 3118, 3379, 1482, 3220, 3119, 1112, 
      1142, 844, 1622, 2674, 2618, 1395, 2884, 430, 3529, 3212, 1459, 3629, 
      1238, 486, 3373, 1497, 3460, 925, 2789, 3781, 1821, 747, 699, 1707, 
      684, 2738, 868, 3013, 798, 2866, 2759, 799, 1860, 2845, 840, 2143, 
      1118, 2267, 1993, 2395, 687, 1335, 2171, 3208, 3181, 3634, 2773, 2140 ],
  [ 428, 947, 2278, 2358, 1961, 2696, 3622, 3127, 3522, 3100, 3179, 1236, 
      1086, 875, 630, 2770, 3641, 3411, 3652, 445, 3289, 3467, 1507, 2861, 
      1734, 456, 1327, 1401, 1924, 911, 2741, 3271, 3357, 1739, 575, 1211, 
      740, 2978, 808, 997, 918, 826, 3011, 1819, 1356, 2590, 2886, 2173, 
      1119, 2252, 970, 475, 686, 1845, 2363, 3222, 3150, 3186, 3669, 2136 ], 
  [ 432, 1971, 2534, 2486, 2025, 3720, 3630, 3383, 3530, 3228, 3183, 1240, 
      1150, 876, 1654, 2802, 3642, 3443, 3908, 446, 3545, 3468, 1523, 3885, 
      1750, 488, 3375, 1529, 3972, 927, 2805, 3783, 3869, 1771, 703, 1723, 
      748, 2994, 872, 3045, 926, 2874, 3015, 1823, 1868, 2846, 2888, 2175, 
      1120, 2268, 1994, 2523, 688, 1847, 2427, 3224, 3182, 3698, 3797, 2144 ],
  [ 440, 1907, 2472, 502, 1514, 3732, 3374, 3891, 1498, 3476, 3120, 1624, 
      1144, 848, 1630, 2930, 2682, 1399, 2892, 2478, 3561, 3724, 3507, 3631, 
      1270, 494, 3437, 2009, 3464, 1949, 3813, 4037, 1822, 763, 700, 1711, 
      1708, 2746, 2916, 3029, 800, 3890, 2791, 2847, 1892, 2973, 1864, 2399, 
      1246, 2271, 4041, 2396, 751, 1463, 2299, 3216, 3693, 3762, 2775, 2172 ],
  [ 443, 995, 2248, 2166, 938, 2710, 2854, 3637, 3282, 3355, 3148, 1732, 
      1087, 815, 574, 3010, 3193, 3159, 2365, 1931, 3523, 742, 460, 1387, 
      1849, 904, 3102, 1243, 949, 3654 ], 
  [ 444, 1011, 2280, 2422, 1962, 2712, 3878, 3639, 3538, 3356, 3180, 1748, 
      1088, 879, 638, 3026, 3705, 3415, 3660, 2493, 3321, 3979, 3555, 2863, 
      1766, 464, 1391, 1913, 1928, 1935, 3765, 3527, 3358, 1755, 576, 1215, 
      1764, 2986, 2856, 1013, 920, 1850, 3043, 3867, 1388, 2718, 3910, 2429, 
      1247, 2256, 3018, 476, 750, 1973, 2491, 3230, 3662, 3314, 3671, 2168 ], 
  [ 447, 2019, 2504, 2294, 1002, 3734, 2862, 3893, 3290, 3483, 3152, 1736, 
      1151, 816, 1598, 3042, 3194, 3191, 3404, 2366, 3449, 1932, 3539, 1839, 
      758, 492, 3435, 1977, 2952, 1947, 3701, 4035, 3614, 1275, 702, 1599, 
      1740, 954, 2918, 2997, 912, 3897, 999, 3359, 1899, 2966, 3656, 2367, 
      1244, 2264, 4034, 2508, 744, 951, 507, 3104, 3686, 3794, 3287, 2174 ], 
  [ 448, 2035, 2536, 2550, 2026, 3736, 3886, 3895, 3546, 3484, 3184, 1752, 
      1152, 880, 1662, 3058, 3706, 3447, 3916, 2494, 3577, 3980, 3571, 3887, 
      1782, 496, 3439, 2041, 3976, 1951, 3829, 4039, 3870, 1787, 704, 1727, 
      1772, 3002, 2920, 3061, 928, 3898, 3047, 3871, 1900, 2974, 3912, 2431, 
      1248, 2272, 4042, 2524, 752, 1975, 2555, 3232, 3694, 3826, 3799, 2176 ],
  [ 472, 1909, 2360, 509, 1402, 1940, 3406, 3923, 986, 3478, 1328, 1631, 632, 
      1360, 1742, 3442, 890, 1511, 2894, 2476, 3554, 3612, 2995, 3624, 1268, 
      2286, 2925, 3801, 3471, 1942, 2021, 3925, 1820, 756, 1212, 1743, 1710, 
      2778, 2923, 3027, 2592, 4002, 3303, 2959, 3684, 3485, 1832, 2392, 1214, 
      479, 4009, 2364, 639, 3255, 2301, 2704, 3691, 3769, 2743, 2284 ], 
  [ 480, 2037, 2424, 2557, 1914, 1944, 3918, 3927, 3034, 3486, 1392, 1759, 
      640, 1774, 3570, 3559, 2492, 3868, 3059, 3880, 1780, 2288, 2927, 3833, 
      3983, 1216, 2720, 4010, 3692, 3767 ], 
  [ 504, 1911, 2488, 510, 1530, 3988, 3438, 3955, 2010, 3480, 3376, 1632, 
      1656, 1872, 1758, 3954, 2938, 1527, 2896, 2480, 3562, 3740, 4019, 3632, 
      1272, 2542, 3949, 4057, 3472, 1950, 4069, 4053, 1824, 764, 1724, 1775, 
      1712, 2810, 2924, 3031, 2848, 4018, 3815, 2975, 3940, 3997, 1896, 2400, 
      1278, 2527, 4073, 2428, 767, 3511, 2303, 3728, 3695, 3770, 2807, 2300 ],
  [ 508, 1015, 2296, 2430, 1978, 2968, 3942, 3703, 4050, 3360, 3436, 1756, 
      1600, 1903, 766, 3961, 3543, 3664, 2495, 3322, 3995, 4067, 2864, 1768, 
      2512, 1936, 4021, 1279, 3050, 3742 ], 
  [ 511, 2023, 2520, 2302, 1018, 3990, 2926, 3957, 3802, 3487, 3408, 1744, 
      1663, 1840, 1726, 4066, 3450, 3319, 2368, 1948, 4051, 760, 2540, 3947, 
      4025, 2960, 3616, 1276, 2999, 3688 ], 
  [ 512, 2039, 2552, 2558, 2042, 3992, 3950, 3959, 4058, 3488, 3440, 1760, 
      1664, 1904, 1790, 4082, 3962, 3575, 3920, 2496, 3578, 3996, 4083, 3888, 
      1784, 2544, 3951, 4089, 3984, 1952, 4085, 4055, 3872, 1788, 1728, 1791, 
      1776, 3066, 2928, 3063, 2976, 4026, 4071, 3999, 3948, 3998, 3944, 2432, 
      1280, 2528, 4074, 2556, 768, 4023, 2559, 3744, 3696, 3834, 3831, 2304 ],
  [ 820, 859, 2724, 854, 1444, 2644, 1334, 2619, 1364, 3124, 973, 2653, 1373, 
      2763, 2733, 3243, 3238, 1478, 1453, 3277 ], 
  [ 822, 1371, 932, 966, 1476, 3156, 1341, 827, 3126, 2646, 3165, 971, 2726, 
      1451, 2756, 3131, 941, 3270, 2621, 3275 ], 
  [ 824, 1883, 2980, 982, 1508, 3668, 1342, 2875, 1372, 1492, 3128, 2648, 
      3188, 974, 3677, 886, 2654, 1405, 3019, 2734, 3499, 2764, 3259, 3643, 
      3254, 1005, 3421, 987, 3526, 1469, 3302, 1990, 1846, 891, 948, 1965, 
      1452, 2749, 2788, 2902, 828, 3382, 2728, 2623, 1956, 2989, 1480, 1375, 
      3278, 3293, 3787, 3412, 975, 1455, 3307, 3279, 2685, 3750, 2772, 3132 ],
  [ 829, 1483, 964, 2758, 3158, 3163, 934, 3133, 2614, 1339, 939, 3268 ], 
  [ 830, 1499, 996, 3014, 1988, 3160, 1853, 831, 3419, 1484, 3190, 2774, 
      3164, 998, 3197, 950, 3670, 3389, 1995, 2742, 1467, 3012, 3195, 3387, 
      3638, 943, 3167, 1003, 3782, 1343, 3286, 968, 2870, 1851, 936, 957, 
      1515, 2877, 2760, 2678, 955, 3134, 2982, 3645, 940, 942, 3524, 1403, 
      3272, 3166, 3276, 3284, 972, 1963, 3531, 3291, 2622, 2790, 3780, 3135 ],
  [ 832, 2011, 3044, 3030, 2020, 3672, 1854, 2879, 3420, 1500, 3192, 2776, 
      3196, 1006, 3709, 1014, 3678, 3453, 4043, 2750, 3515, 3020, 3323, 3899, 
      3766, 1007, 3423, 1019, 4038, 1471, 3318, 1992, 3894, 1915, 952, 1981, 
      1516, 3005, 2792, 2934, 956, 3390, 2984, 3647, 1964, 2990, 3528, 1407, 
      3280, 3294, 3788, 3540, 976, 1967, 3563, 3295, 2686, 3814, 3796, 3136 ],
  [ 852, 861, 2612, 1332, 1366, 2651, 1485, 2765, 2731, 3236, 1446, 3245 ], 
  [ 856, 1885, 2868, 989, 1396, 1876, 1374, 2907, 860, 1494, 1336, 2655, 
      2676, 1486, 3789, 1398, 862, 1517, 3021, 2732, 3492, 2652, 2747, 3636, 
      3252, 2797, 2909, 2779, 3533, 1462, 1510, 1878, 1844, 884, 1460, 1997, 
      1454, 2781, 2795, 2900, 2620, 3494, 3240, 2735, 3748, 3501, 1448, 1368, 
      3246, 1501, 3755, 3380, 863, 3247, 3309, 2767, 2683, 3757, 2740, 3244 ],
  [ 864, 2013, 2932, 3037, 1908, 1880, 1886, 2911, 2908, 1502, 1400, 2783, 
      2684, 1518, 3821, 1526, 3565, 4045, 2748, 3508, 2811, 3892, 3764, 2799, 
      1464, 3502, 3496, 3759, 3756, 3248 ], 
  [ 888, 1887, 2996, 990, 1524, 3924, 1406, 2939, 1884, 1496, 3384, 2656, 
      3700, 1998, 3805, 1910, 2910, 1533, 3023, 2736, 3500, 2780, 3771, 3644, 
      3256, 3053, 3933, 3035, 3534, 1470, 3558, 2006, 1848, 892, 1972, 2029, 
      1456, 2813, 2796, 2904, 2876, 3510, 3752, 2751, 4004, 4013, 1512, 1376, 
      3310, 3549, 3819, 3444, 991, 3503, 3311, 3791, 2687, 3758, 2804, 3260 ],
  [ 893, 1487, 980, 2766, 3414, 3675, 1958, 3261, 2616, 1340, 2987, 3300 ], 
  [ 894, 1503, 1012, 3022, 2004, 3416, 1917, 895, 3931, 1488, 3446, 2782, 
      3676, 2022, 3325, 1974, 3926, 3517, 1999, 2744, 1468, 3028, 3707, 3388, 
      3640, 2991, 3679, 3051, 3790, 1344, 3542, 984, 2872, 1852, 1960, 1021, 
      1519, 2941, 2768, 2680, 3003, 3262, 4006, 3773, 2988, 1966, 3556, 1404, 
      3304, 3422, 3308, 3316, 988, 4011, 3535, 3803, 2624, 2798, 3812, 3263 ],
  [ 896, 2015, 3060, 3038, 2036, 3928, 1918, 2943, 3932, 1504, 3448, 2784, 
      3708, 2030, 3837, 2038, 3934, 3581, 4047, 2752, 3516, 3036, 3835, 3900, 
      3768, 3055, 3935, 3067, 4046, 1472, 3574, 2008, 3896, 1916, 1976, 2045, 
      1520, 3069, 2800, 2936, 3004, 3518, 4008, 3775, 4012, 4014, 3560, 1408, 
      3312, 3550, 3820, 3572, 992, 4015, 3567, 3807, 2688, 3822, 3828, 3264 ],
  [ 944, 1979, 3046, 2998, 2027, 3784, 3646, 3391, 3532, 3292, 3199, 3288, 
      3198, 1004, 3702, 2806, 3451, 4036, 958, 3547, 1531, 3901, 3798, 1000, 
      959, 2878, 3016, 1855, 1996, 3168 ], 
  [ 960, 2043, 3048, 3062, 2028, 3800, 3902, 3903, 3548, 3200, 1008, 3710, 
      3455, 4044, 3006, 3579, 3830, 4040, 1983, 3296 ], 
  [ 1016, 1919, 3000, 1022, 1532, 4052, 3454, 3963, 2012, 3544, 3392, 3680, 
      3704, 2000, 3806, 3958, 2942, 1535, 3024, 2992, 3564, 3804, 4027, 3648, 
      3320, 3054, 3965, 4059, 3536, 1982, 4070, 4054, 1856, 1020, 1980, 2031, 
      1968, 2814, 3052, 3032, 2880, 4022, 3816, 3007, 4068, 4029, 2024, 3424, 
      3326, 3551, 4075, 3452, 1023, 3519, 3327, 3792, 3711, 3774, 2808, 3324 ]
    , [ 1024, 2047, 3064, 3070, 2044, 4056, 3966, 3967, 4060, 3552, 3456, 
      3808, 3712, 2032, 3838, 4086, 3583, 4048, 3008, 3580, 4091, 3904, 3832, 
      3056, 1984, 4030, 4072, 4031, 4076, 3328 ], 
  [ 1528, 1912, 3512, 1534, 4020, 3566, 3956, 2014, 3504, 1888, 2940, 2912, 
      3772, 3760, 4077, 4061, 2812, 3823, 3039, 2815 ], 
  [ 1536, 2040, 3576, 3582, 2046, 4024, 4078, 3960, 4062, 3520, 3568, 2016, 
      1920, 4084, 3964, 3936, 4028, 4016, 4079, 4093, 4063, 3836, 3776, 3839, 
      3824, 3068, 2944, 3071, 3040, 2816 ], 
  [ 1792, 4087, 4090, 3952, 4000, 2560 ], 
  [ 2048, 4088, 4094, 3968, 4064, 3584, 4032, 4092, 4080, 4095, 3072, 3840 ], 
  [ 4096 ] ]