Some computation result:
--------------
Complex face-turning tetrahedron:
There are 5 types of pieces:
[ [ 1 ], [ 2, 3, 9, 5 ], [ 4, 7, 10, 6, 11, 13 ], [ 8, 14, 15, 12 ], [ 16 ] ]
Number of permutations of pieces (ignoring orientation):
4320
Orbits of pieces:
[ [ 1 ], [ 2 ], [ 3 ], [ 4, 7, 10, 6, 11, 13 ], [ 5 ], [ 8, 14, 15, 12 ], [ 9 ], [ 16 ] ]
Number of permutations of stickers (considering orientation):
100776960
Orbits of stickers:
[ [ 1 ], [ 2 ], [ 3 ], [ 4 ], [ 5, 6, 7 ], [ 8 ], [ 9, 12, 10 ], [ 11 ],
  [ 13, 28, 38, 21, 42, 44, 23, 51, 14, 52, 25, 39 ], [ 15, 27, 37, 24, 43, 41, 22, 49, 16, 50, 26, 40 ],
  [ 17, 19, 20 ], [ 18 ], [ 29, 55, 60, 46 ], [ 30, 54, 57, 47, 48, 58, 31, 53, 59, 56, 45, 32 ], [ 33 ],
  [ 34, 36, 35 ], [ 61, 63, 64, 62 ] ]
------------
manual analysis:
------------
- four axes
- 16 pieces: 1 core, 4 faces, 6 edges, 4 corners, 1 inverted core. 
- permutation of pieces: 
--- core and faces don't move
--- 6 edges even perm: 6!/2
--- When edges are solved, corners even perm: 4!/2
--- When corners are solved, inverted core is solved. 
--- Total number of states of pieces: 6!*4!/2/2 = 6!*6 = 4320. Verified
- permutation of stickers:
--- core doesn't change
--- faces don't move, each has three orientations: 3^4
--- 6 edges even perm: 6!/2, total flip = even: 2^6/2
--- When edges are solved, corners Klein group: 4, each has 3 orientations, total =0 mod 3. 3^4/3
--- When corners are solved, inverted core is solved. 
--- Total number of states of stickers: 3^4 * Factorial(6)/2 * 2^6/2 *4 * 3^4/3 = 100776960. Verified


------------
Complex edge-turning tetrahedron:
There are 28 types of pieces:
[ [ 1 ], [ 2, 9 ], [ 3, 17 ], [ 4, 25, 11, 18 ], [ 5, 33 ], [ 6, 13, 41, 34 ], [ 7, 21, 35, 49 ], [ 8, 29, 43, 50 ],
  [ 10 ], [ 12, 26 ], [ 14, 42 ], [ 15, 22, 36, 57 ], [ 16, 30, 44, 58 ], [ 19 ], [ 20, 27 ], [ 23, 51 ],
  [ 24, 31, 59, 52 ], [ 28 ], [ 32, 60 ], [ 37 ], [ 38, 45 ], [ 39, 53 ], [ 40, 61, 47, 54 ], [ 46 ], [ 48, 62 ],
  [ 55 ], [ 56, 63 ], [ 64 ] ]
Number of permutations of pieces (ignoring orientation):
42467328
Orbits of pieces:
[ [ 1 ], [ 2 ], [ 3 ], [ 4, 25, 11, 18 ], [ 5 ], [ 6, 41, 13, 34 ], [ 7, 49, 21, 35 ],
  [ 8, 29, 50, 43 ], [ 9 ], [ 10 ], [ 12, 26 ], [ 14, 42 ], [ 15, 22, 57, 36 ],
  [ 16, 58, 30, 44 ], [ 17 ], [ 19 ], [ 20, 27 ], [ 23, 51 ], [ 24, 59, 31, 52 ], [ 28 ],
  [ 32, 60 ], [ 33 ], [ 37 ], [ 38, 45 ], [ 39, 53 ], [ 40, 54, 47, 61 ], [ 46 ],
  [ 48, 62 ], [ 55 ], [ 56, 63 ], [ 64 ] ]
Number of permutations of stickers (considering orientation):
2717908992
Orbits of stickers:
[ [ 1 ], [ 2 ], [ 3 ], [ 4 ], [ 5 ], [ 6 ], [ 7, 10 ], [ 8, 11 ], [ 9 ], [ 12 ], [ 13, 16 ],
  [ 14 ], [ 15, 18 ], [ 17 ], [ 19, 64, 106, 145 ], [ 20, 62, 107, 149 ],
  [ 21, 66, 105, 150 ], [ 22, 61, 103, 148 ], [ 23, 65, 104, 146 ], [ 24, 63, 108, 147 ],
  [ 25 ], [ 26, 29 ], [ 27, 30 ], [ 28 ], [ 31, 73, 202, 244 ], [ 32, 77, 203, 242 ],
  [ 33, 78, 201, 246 ], [ 34, 76, 199, 241 ], [ 35, 74, 200, 245 ], [ 36, 75, 204, 243 ],
  [ 37, 121, 208, 292 ], [ 38, 125, 206, 293 ], [ 39, 126, 210, 291 ], [ 40, 124, 205, 289 ],
  [ 41, 122, 209, 290 ], [ 42, 123, 207, 294 ], [ 43, 169, 256, 298 ], [ 44, 173, 254, 299 ],
  [ 45, 174, 258, 297 ], [ 46, 172, 253, 295 ], [ 47, 170, 257, 296 ], [ 48, 171, 255, 300 ],
  [ 49, 52 ], [ 50, 53 ], [ 51 ], [ 54 ], [ 55, 58 ], [ 56, 59 ], [ 57 ], [ 60 ],
  [ 67, 154, 70, 151 ], [ 68, 155 ], [ 69, 153, 72, 156 ], [ 71, 152 ], [ 79, 250 ],
  [ 80, 251, 83, 248 ], [ 81, 249, 84, 252 ], [ 82, 247 ], [ 85, 340, 127, 214 ],
  [ 86, 341, 131, 212 ], [ 87, 339, 132, 216 ], [ 88, 337, 130, 211 ], [ 89, 338, 128, 215 ],
  [ 90, 342, 129, 213 ], [ 91, 346, 175, 262 ], [ 92, 347, 179, 260 ], [ 93, 345, 180, 264 ],
  [ 94, 343, 178, 259 ], [ 95, 344, 176, 263 ], [ 96, 348, 177, 261 ], [ 97, 100 ], [ 98 ],
  [ 99, 102 ], [ 101 ], [ 109, 112 ], [ 110 ], [ 111, 114 ], [ 113 ], [ 115, 160, 118, 157 ],
  [ 116, 158, 119, 161 ], [ 117, 162 ], [ 120, 159 ], [ 133, 304 ], [ 134, 302, 137, 305 ],
  [ 135, 306, 138, 303 ], [ 136, 301 ], [ 139, 352, 181, 310 ], [ 140, 350, 185, 311 ],
  [ 141, 354, 186, 309 ], [ 142, 349, 184, 307 ], [ 143, 353, 182, 308 ],
  [ 144, 351, 183, 312 ], [ 163, 166 ], [ 164, 167 ], [ 165, 168 ], [ 187, 358 ],
  [ 188, 356, 359, 191 ], [ 189, 360, 357, 192 ], [ 190, 355 ], [ 193 ], [ 194, 197 ],
  [ 195, 198 ], [ 196 ], [ 217 ], [ 218, 221 ], [ 219, 222 ], [ 220 ],
  [ 223, 265, 226, 268 ], [ 224, 269, 227, 266 ], [ 225, 270 ], [ 228, 267 ],
  [ 229, 313, 232, 316 ], [ 230, 317 ], [ 231, 318, 234, 315 ], [ 233, 314 ],
  [ 235, 361, 280, 322 ], [ 236, 365, 278, 323 ], [ 237, 366, 282, 321 ],
  [ 238, 364, 277, 319 ], [ 239, 362, 281, 320 ], [ 240, 363, 279, 324 ], [ 271, 274 ],
  [ 272, 275 ], [ 273, 276 ], [ 283, 367, 370, 286 ], [ 284, 371 ], [ 285, 372, 369, 288 ],
  [ 287, 368 ], [ 325, 328 ], [ 326, 329 ], [ 327, 330 ], [ 331, 373, 376, 334 ],
  [ 332, 377, 374, 335 ], [ 333, 378 ], [ 336, 375 ], [ 379, 382 ], [ 380, 383 ],
  [ 381, 384 ] ]
------------
Complex face-turning cube:
There are 10 types of pieces:
[ [ 1 ], [ 2, 17, 5, 3, 33, 9 ], [ 4, 18, 7, 34, 11, 35, 6, 25, 21, 49, 13, 41 ], [ 8, 22, 15, 36, 29, 50, 43, 57 ],
  [ 10, 19, 37 ], [ 12, 20, 39, 42, 27, 14, 26, 23, 38, 51, 45, 53 ],
  [ 16, 24, 47, 44, 31, 40, 30, 52, 54, 59, 61, 58 ], [ 28, 55, 46 ], [ 32, 63, 48, 56, 62, 60 ], [ 64 ] ]
Number of permutations of pieces (ignoring orientation):
6646954022582553233326080000000
Orbits of pieces:
[ [ 1 ], [ 2 ], [ 3 ], [ 4, 35, 6, 34, 11, 7, 18, 49, 41, 13, 21, 25 ], [ 5 ], [ 8, 15, 36, 22, 43, 29, 50, 57 ],
  [ 9 ], [ 10 ], [ 12, 42, 39, 14, 51, 26, 38, 45, 23, 20, 27, 53 ], [ 16, 44, 31, 40, 30, 52, 58, 47, 59, 24, 54, 61
     ], [ 17 ], [ 19 ], [ 28, 55, 46 ], [ 32, 63, 48, 56, 62, 60 ], [ 33 ], [ 37 ], [ 64 ] ]
Number of permutations of stickers (considering orientation):
261873301579133051001433349178932006108528640000000
Orbits of stickers:
[ [ 1 ], [ 2 ], [ 3 ], [ 4 ], [ 5 ], [ 6 ], [ 7, 11, 10, 8 ], [ 9 ], [ 12 ], [ 13, 15, 16, 18 ], [ 14 ], [ 17 ],
  [ 19, 207, 35, 203, 64, 39, 106, 294, 22, 245, 42, 74, 123, 200, 242, 210, 32, 145, 77, 126, 291, 148, 61, 103 ],
  [ 20, 206, 31, 201, 62, 37, 107, 293, 21, 244, 38, 73, 125, 202, 246, 208, 33, 149, 78, 121, 292, 150, 66, 105 ],
  [ 23, 209, 34, 204, 65, 40, 104, 290, 24, 241, 41, 76, 122, 199, 243, 205, 36, 146, 75, 124, 289, 147, 63, 108 ],
  [ 25 ], [ 26, 30, 29, 27 ], [ 28 ], [ 43, 85, 213, 131, 254, 169, 45, 299, 256, 173, 298, 340, 86, 342, 127, 214,
      129, 341, 90, 212, 297, 174, 44, 258 ], [ 46, 88, 216, 128, 257, 172, 48, 296, 253, 170, 295, 337, 89, 339,
      130, 211, 132, 338, 87, 215, 300, 171, 47, 255 ], [ 49, 50, 52, 53 ], [ 51 ], [ 54 ], [ 55, 56, 59, 58 ],
  [ 57 ], [ 60 ], [ 67, 248, 231, 83, 303, 154, 227, 266, 70, 135, 251, 115, 160, 315, 318, 118, 234, 80, 157, 306,
      151, 138, 269, 224 ], [ 68, 250, 230, 79, 304, 155, 225, 270, 133, 117, 162, 317 ],
  [ 69, 249, 232, 81, 305, 153, 226, 268, 72, 134, 252, 119, 161, 313, 316, 116, 229, 84, 158, 302, 156, 137, 265,
      223 ], [ 71, 247, 233, 82, 301, 152, 228, 267, 136, 120, 159, 314 ],
  [ 91, 260, 181, 237, 179, 309, 346, 278, 354, 175, 141, 323, 262, 365, 347, 139, 352, 321, 366, 92, 310, 282, 186,
      236 ], [ 93, 261, 182, 238, 177, 311, 345, 280, 350, 180, 140, 322, 264, 361, 348, 143, 353, 319, 364, 96, 308,
      277, 185, 235 ], [ 94, 263, 184, 240, 176, 312, 343, 281, 351, 178, 144, 320, 259, 362, 344, 142, 349, 324,
      363, 95, 307, 279, 183, 239 ], [ 97, 102, 100, 99 ], [ 98 ], [ 101 ], [ 109, 114, 111, 112 ], [ 110 ], [ 113 ],
  [ 163, 330, 272, 327, 275, 166 ], [ 164, 326, 274, 271, 273, 276, 328, 167, 325, 329, 165, 168 ],
  [ 187, 378, 284, 333, 371, 358 ], [ 188, 374, 286, 192, 332, 367, 285, 356, 376, 372, 334, 359, 288, 191, 331, 369,
      373, 335, 357, 189, 370, 283, 377, 360 ], [ 190, 375, 287, 336, 368, 355 ], [ 193 ], [ 194, 195, 197, 198 ],
  [ 196 ], [ 217 ], [ 218, 219, 222, 221 ], [ 220 ], [ 379, 384, 380, 381, 383, 382 ] ]

------------
Complex vertex-turning cube:
There are 36 types of pieces:
[ [ 1 ], [ 2, 9, 65, 33 ], [ 3, 17, 5, 129 ], [ 4, 18, 11, 81, 69, 161, 137, 35, 6, 13, 193, 49 ],
  [ 7, 19, 131, 21, 133, 145 ], [ 8, 20, 139, 85, 197, 163, 141, 51, 22, 15, 209, 177 ], [ 10, 34, 41, 66, 73, 97 ],
  [ 12, 50, 43, 82, 77, 169, 201, 36, 70, 14, 225, 113 ], [ 16, 52, 171, 86, 205, 241 ], [ 23, 135, 149, 147 ],
  [ 24, 143, 213, 179 ], [ 25, 37, 130, 67 ], [ 26, 38, 45, 194, 89, 57, 75, 162, 68, 138, 101, 99 ],
  [ 27, 53, 39, 146, 29, 153, 195, 132, 71, 134, 165, 83 ], [ 28, 54, 47, 210, 93, 185, 203, 164, 72, 142, 229, 115 ],
  [ 30, 40, 173, 198, 217, 59, 79, 178, 84, 140, 117, 227 ],
  [ 31, 55, 167, 150, 157, 155, 199, 148, 87, 136, 181, 211 ],
  [ 32, 56, 175, 214, 221, 187, 207, 180, 88, 144, 245, 243 ], [ 42, 98, 74, 105 ], [ 44, 114, 78, 233 ],
  [ 46, 100, 170, 102, 202, 107, 109, 58, 90, 76, 121, 226 ],
  [ 48, 116, 172, 118, 206, 235, 237, 60, 94, 80, 249, 242 ], [ 61, 103, 166, 154, 91, 196 ],
  [ 62, 104, 174, 230, 218, 123, 111, 186, 92, 204, 125, 228 ],
  [ 63, 119, 168, 182, 158, 219, 231, 156, 95, 200, 189, 212 ],
  [ 64, 120, 176, 246, 222, 251, 239, 188, 96, 208, 253, 244 ], [ 106 ], [ 108, 122, 110, 234 ],
  [ 112, 124, 236, 126, 238, 250 ], [ 127, 232, 190, 220 ], [ 128, 240, 254, 252 ], [ 151 ], [ 152, 159, 215, 183 ],
  [ 160, 184, 191, 216, 223, 247 ], [ 192, 248, 224, 255 ], [ 256 ] ]

Number of permutations of pieces (ignoring orientation):
256173997827463780521415556667434027160193098673921602898863225475501536067567951337866994580\
9209917440000000000000000000000000000000000
Orbits of pieces:
[ [ 1 ], [ 2 ], [ 3 ], [ 4, 35, 6, 49, 11, 13, 18, 161, 137, 69, 81, 193 ], [ 5 ],
  [ 7, 133, 19, 131, 21, 145 ], [ 8, 141, 51, 22, 163, 15, 85, 177, 139, 209, 20, 197 ],
  [ 9 ], [ 10, 41, 66, 34, 73, 97 ], [ 12, 169, 36, 70, 225, 77, 113, 43, 14, 201, 50, 82 ],
  [ 16, 171, 205, 52, 86, 241 ], [ 17 ], [ 23, 149, 135, 147 ], [ 24, 213, 143, 179 ],
  [ 25 ], [ 26, 89, 57, 68, 101, 162, 75, 99, 38, 194, 45, 138 ],
  [ 27, 29, 153, 132, 71, 165, 146, 39, 134, 195, 83, 53 ],
  [ 28, 93, 185, 164, 72, 229, 210, 115, 47, 142, 203, 54 ],
  [ 30, 217, 59, 79, 84, 173, 117, 178, 140, 227, 198, 40 ],
  [ 31, 157, 155, 199, 148, 167, 87, 181, 136, 211, 150, 55 ],
  [ 32, 221, 187, 207, 180, 88, 175, 245, 144, 243, 214, 56 ], [ 33 ], [ 37 ],
  [ 42, 98, 105, 74 ], [ 44, 114, 233, 78 ],
  [ 46, 102, 107, 109, 90, 202, 58, 100, 76, 226, 121, 170 ],
  [ 48, 118, 235, 237, 60, 94, 206, 242, 249, 116, 80, 172 ], [ 61, 166, 154, 91, 103, 196 ],
  [ 62, 230, 218, 123, 111, 92, 204, 186, 174, 125, 228, 104 ],
  [ 63, 182, 158, 219, 231, 156, 200, 212, 168, 95, 189, 119 ],
  [ 64, 246, 222, 251, 239, 188, 96, 208, 244, 176, 253, 120 ], [ 65 ], [ 67 ], [ 106 ],
  [ 108, 122, 234, 110 ], [ 112, 236, 126, 238, 124, 250 ], [ 127, 232, 190, 220 ],
  [ 128, 240, 254, 252 ], [ 129 ], [ 130 ], [ 151 ], [ 152, 215, 159, 183 ],
  [ 160, 184, 223, 191, 216, 247 ], [ 192, 248, 224, 255 ], [ 256 ] ]

Number of permutations of stickers (considering orientation):
776864058028093956806901137727727231682263264853083948548575098290738974207281162073295584401\
118072441719234341086020239360000000000000000000000000000000000
Orbits of stickers:
[ [ 1 ], [ 2 ], [ 3 ], [ 4 ], [ 5 ], [ 6 ], [ 7 ], [ 8 ], [ 9 ], [ 10, 11, 13 ],
  [ 12, 15, 14 ], [ 16 ], [ 17, 22, 20 ], [ 18 ], [ 19, 21, 24 ], [ 23 ],
  [ 25, 278, 41, 390, 84, 100, 137, 1286, 1092, 551, 647, 1543 ],
  [ 26, 274, 43, 389, 82, 99, 141, 1288, 1096, 547, 645, 1544 ],
  [ 27, 277, 45, 392, 88, 98, 138, 1282, 1091, 552, 643, 1541 ],
  [ 28, 273, 47, 391, 86, 97, 142, 1284, 1095, 548, 641, 1542 ],
  [ 29, 280, 42, 386, 83, 104, 139, 1285, 1090, 549, 648, 1539 ],
  [ 30, 276, 44, 385, 81, 103, 143, 1287, 1094, 545, 646, 1540 ],
  [ 31, 279, 46, 388, 87, 102, 140, 1281, 1089, 550, 644, 1537 ],
  [ 32, 275, 48, 387, 85, 101, 144, 1283, 1093, 546, 642, 1538 ], [ 33, 36, 39 ],
  [ 34, 40, 37 ], [ 35 ], [ 38 ],
  [ 49, 1060, 150, 1046, 167, 161, 1044, 1159, 52, 1158, 1063, 145 ],
  [ 50, 1064, 146, 1048, 165, 163, 1042, 1160, 51, 1157, 1059, 149 ],
  [ 53, 1058, 152, 1045, 168, 162, 1043, 1155, 56, 1154, 1061, 147 ],
  [ 54, 1062, 148, 1047, 166, 164, 1041, 1156, 55, 1153, 1057, 151 ],
  [ 57, 1124, 406, 169, 1302, 116, 679, 1414, 1108, 1671, 153, 1575 ],
  [ 58, 1128, 402, 171, 1304, 115, 677, 1413, 1106, 1672, 157, 1571 ],
  [ 59, 1123, 405, 173, 1298, 114, 675, 1416, 1112, 1669, 154, 1576 ],
  [ 60, 1127, 401, 175, 1300, 113, 673, 1415, 1110, 1670, 158, 1572 ],
  [ 61, 1122, 408, 170, 1301, 120, 680, 1410, 1107, 1667, 155, 1573 ],
  [ 62, 1126, 404, 172, 1303, 119, 678, 1409, 1105, 1668, 159, 1569 ],
  [ 63, 1121, 407, 174, 1297, 118, 676, 1412, 1111, 1665, 156, 1574 ],
  [ 64, 1125, 403, 176, 1299, 117, 674, 1411, 1109, 1666, 160, 1570 ], [ 65, 70, 71 ],
  [ 66, 72, 67 ], [ 68 ], [ 69 ], [ 73, 326, 521, 270, 583, 580, 265, 774, 76, 775, 324, 527
     ], [ 74, 328, 523, 266, 579, 584, 269, 773, 75, 776, 322, 525 ],
  [ 77, 325, 522, 272, 581, 578, 267, 770, 80, 771, 323, 528 ],
  [ 78, 327, 524, 268, 577, 582, 271, 769, 79, 772, 321, 526 ],
  [ 89, 1350, 286, 553, 1799, 615, 902, 340, 108, 1604, 393, 655 ],
  [ 90, 1352, 282, 555, 1800, 611, 901, 338, 107, 1608, 397, 653 ],
  [ 91, 1346, 285, 557, 1797, 616, 904, 344, 106, 1603, 394, 651 ],
  [ 92, 1348, 281, 559, 1798, 612, 903, 342, 105, 1607, 398, 649 ],
  [ 93, 1349, 288, 554, 1795, 613, 898, 339, 112, 1602, 395, 656 ],
  [ 94, 1351, 284, 556, 1796, 609, 897, 337, 111, 1606, 399, 654 ],
  [ 95, 1345, 287, 558, 1793, 614, 900, 343, 110, 1601, 396, 652 ],
  [ 96, 1347, 283, 560, 1794, 610, 899, 341, 109, 1605, 400, 650 ],
  [ 121, 1366, 1636, 414, 681, 1927, 1639, 124, 1926, 687, 1364, 409 ],
  [ 122, 1368, 1640, 410, 683, 1928, 1635, 123, 1925, 685, 1362, 413 ],
  [ 125, 1365, 1634, 416, 682, 1923, 1637, 128, 1922, 688, 1363, 411 ],
  [ 126, 1367, 1638, 412, 684, 1924, 1633, 127, 1921, 686, 1361, 415 ], [ 129, 135, 134 ],
  [ 130, 131, 136 ], [ 132 ], [ 133 ], [ 177, 1191, 1076, 1174 ],
  [ 178, 1187, 1080, 1170, 1074, 1176, 179, 1189, 1173, 1192, 1075, 181 ],
  [ 180, 1188, 1079, 1169, 1078, 1172, 183, 1185, 1175, 1190, 1073, 182 ],
  [ 184, 1186, 1077, 1171 ], [ 185, 1703, 1140, 1430 ],
  [ 186, 1699, 1144, 1426, 187, 1138, 1704, 1432, 1139, 1701, 1429, 189 ],
  [ 188, 1700, 1143, 1425, 191, 1142, 1702, 1428, 1137, 1697, 1431, 190 ],
  [ 192, 1698, 1141, 1427 ], [ 193, 199, 198 ], [ 194, 195, 200 ], [ 196 ], [ 197 ],
  [ 201, 711, 454, 537, 807, 1294, 596, 790, 297, 1551, 356, 1100 ],
  [ 202, 707, 456, 539, 808, 1290, 600, 789, 301, 1549, 354, 1099 ],
  [ 203, 712, 450, 541, 805, 1293, 595, 792, 298, 1547, 360, 1098 ],
  [ 204, 708, 452, 543, 806, 1289, 599, 791, 302, 1545, 358, 1097 ],
  [ 205, 709, 453, 538, 803, 1296, 594, 786, 299, 1552, 355, 1104 ],
  [ 206, 705, 455, 540, 804, 1292, 598, 785, 303, 1550, 353, 1103 ],
  [ 207, 710, 449, 542, 801, 1295, 593, 788, 300, 1548, 359, 1102 ],
  [ 208, 706, 451, 544, 802, 1291, 597, 787, 304, 1546, 357, 1101 ],
  [ 209, 231, 1222, 1054, 561, 1319, 1167, 308, 1068, 1556, 662, 417 ],
  [ 210, 227, 1224, 1050, 563, 1320, 1165, 306, 1067, 1560, 661, 421 ],
  [ 211, 232, 1218, 1053, 565, 1317, 1163, 312, 1066, 1555, 664, 418 ],
  [ 212, 228, 1220, 1049, 567, 1318, 1161, 310, 1065, 1559, 663, 422 ],
  [ 213, 229, 1221, 1056, 562, 1315, 1168, 307, 1072, 1554, 658, 419 ],
  [ 214, 225, 1223, 1052, 564, 1316, 1166, 305, 1071, 1558, 657, 423 ],
  [ 215, 230, 1217, 1055, 566, 1313, 1164, 311, 1070, 1553, 660, 420 ],
  [ 216, 226, 1219, 1051, 568, 1314, 1162, 309, 1069, 1557, 659, 424 ],
  [ 217, 743, 1478, 1310, 569, 1831, 1679, 918, 372, 1132, 1620, 425 ],
  [ 218, 739, 1480, 1306, 571, 1832, 1677, 917, 370, 1131, 1624, 429 ],
  [ 219, 744, 1474, 1309, 573, 1829, 1675, 920, 376, 1130, 1619, 426 ],
  [ 220, 740, 1476, 1305, 575, 1830, 1673, 919, 374, 1129, 1623, 430 ],
  [ 221, 741, 1477, 1312, 570, 1827, 1680, 914, 371, 1136, 1618, 427 ],
  [ 222, 737, 1479, 1308, 572, 1828, 1678, 913, 369, 1135, 1622, 431 ],
  [ 223, 742, 1473, 1311, 574, 1825, 1676, 916, 375, 1134, 1617, 428 ],
  [ 224, 738, 1475, 1307, 576, 1826, 1674, 915, 373, 1133, 1621, 432 ],
  [ 233, 1735, 470, 628, 665, 1380, 935, 1422, 1116, 1814, 1583, 313 ],
  [ 234, 1731, 472, 632, 667, 1378, 936, 1418, 1115, 1813, 1581, 317 ],
  [ 235, 1736, 466, 627, 669, 1384, 933, 1421, 1114, 1816, 1579, 314 ],
  [ 236, 1732, 468, 631, 671, 1382, 934, 1417, 1113, 1815, 1577, 318 ],
  [ 237, 1733, 469, 626, 666, 1379, 931, 1424, 1120, 1810, 1584, 315 ],
  [ 238, 1729, 471, 630, 668, 1377, 932, 1420, 1119, 1809, 1582, 319 ],
  [ 239, 1734, 465, 625, 670, 1383, 929, 1423, 1118, 1812, 1580, 316 ],
  [ 240, 1730, 467, 629, 672, 1381, 930, 1419, 1117, 1811, 1578, 320 ],
  [ 241, 1255, 1238, 1588, 1182, 1332, 689, 1447, 1084, 1686, 1199, 433 ],
  [ 242, 1251, 1240, 1592, 1178, 1330, 691, 1448, 1083, 1685, 1197, 437 ],
  [ 243, 1256, 1234, 1587, 1181, 1336, 693, 1445, 1082, 1688, 1195, 434 ],
  [ 244, 1252, 1236, 1591, 1177, 1334, 695, 1446, 1081, 1687, 1193, 438 ],
  [ 245, 1253, 1237, 1586, 1184, 1331, 690, 1443, 1088, 1682, 1200, 435 ],
  [ 246, 1249, 1239, 1590, 1180, 1329, 692, 1444, 1087, 1681, 1198, 439 ],
  [ 247, 1254, 1233, 1585, 1183, 1335, 694, 1441, 1086, 1684, 1196, 436 ],
  [ 248, 1250, 1235, 1589, 1179, 1333, 696, 1442, 1085, 1683, 1194, 440 ],
  [ 249, 1767, 1494, 1652, 1438, 697, 1396, 1959, 1148, 1942, 1711, 441 ],
  [ 250, 1763, 1496, 1656, 1434, 699, 1394, 1960, 1147, 1941, 1709, 445 ],
  [ 251, 1768, 1490, 1651, 1437, 701, 1400, 1957, 1146, 1944, 1707, 442 ],
  [ 252, 1764, 1492, 1655, 1433, 703, 1398, 1958, 1145, 1943, 1705, 446 ],
  [ 253, 1765, 1493, 1650, 1440, 698, 1395, 1955, 1152, 1938, 1712, 443 ],
  [ 254, 1761, 1495, 1654, 1436, 700, 1393, 1956, 1151, 1937, 1710, 447 ],
  [ 255, 1766, 1489, 1649, 1439, 702, 1399, 1953, 1150, 1940, 1708, 444 ],
  [ 256, 1762, 1491, 1653, 1435, 704, 1397, 1954, 1149, 1939, 1706, 448 ], [ 257, 263, 260 ],
  [ 258, 261, 264 ], [ 259 ], [ 262 ], [ 289, 295, 292 ], [ 290, 293, 296 ], [ 291 ],
  [ 294 ], [ 329, 783, 838, 585, 591, 836, 334, 777, 839, 782, 588, 332 ],
  [ 330, 781, 840, 587 ], [ 331, 779, 834, 589, 592, 835, 333, 778, 837, 784, 586, 336 ],
  [ 335, 780, 833, 590 ], [ 345, 911, 1862, 350, 617, 623, 1860, 910, 1863, 905, 348, 620 ],
  [ 346, 909, 1864, 619 ], [ 347, 907, 1858, 349, 621, 624, 1859, 912, 1861, 906, 352, 618 ],
  [ 351, 908, 1857, 622 ], [ 361, 815, 854, 868, 713, 1615, 462, 793, 604, 1806, 967, 1356 ],
  [ 362, 813, 856, 872, 715, 1611, 458, 797, 603, 1805, 968, 1354 ],
  [ 363, 811, 850, 867, 717, 1616, 461, 794, 602, 1808, 965, 1360 ],
  [ 364, 809, 852, 871, 719, 1612, 457, 798, 601, 1807, 966, 1358 ],
  [ 365, 816, 853, 866, 714, 1613, 464, 795, 608, 1802, 963, 1355 ],
  [ 366, 814, 855, 870, 716, 1609, 460, 799, 607, 1801, 964, 1353 ],
  [ 367, 812, 849, 865, 718, 1614, 463, 796, 606, 1804, 961, 1359 ],
  [ 368, 810, 851, 869, 720, 1610, 459, 800, 605, 1803, 962, 1357 ],
  [ 377, 943, 1878, 1892, 478, 745, 1647, 1934, 1991, 921, 636, 1372 ],
  [ 378, 941, 1880, 1896, 474, 747, 1643, 1933, 1992, 925, 635, 1370 ],
  [ 379, 939, 1874, 1891, 477, 749, 1648, 1936, 1989, 922, 634, 1376 ],
  [ 380, 937, 1876, 1895, 473, 751, 1644, 1935, 1990, 926, 633, 1374 ],
  [ 381, 944, 1877, 1890, 480, 746, 1645, 1930, 1987, 923, 640, 1371 ],
  [ 382, 942, 1879, 1894, 476, 748, 1641, 1929, 1988, 927, 639, 1369 ],
  [ 383, 940, 1873, 1889, 479, 750, 1646, 1932, 1985, 924, 638, 1375 ],
  [ 384, 938, 1875, 1893, 475, 752, 1642, 1931, 1986, 928, 637, 1373 ],
  [ 481, 1327, 1231, 726, 820, 1564, 1230, 1324, 1566, 817, 721, 487 ],
  [ 482, 1325, 1227, 728, 824, 1563, 1226, 1322, 1565, 821, 723, 488 ],
  [ 483, 1323, 1232, 722, 819, 1562, 1229, 1328, 1568, 818, 725, 485 ],
  [ 484, 1321, 1228, 724, 823, 1561, 1225, 1326, 1567, 822, 727, 486 ],
  [ 489, 1839, 1743, 982, 884, 729, 1628, 1486, 1388, 999, 1822, 825 ],
  [ 490, 1837, 1739, 984, 888, 731, 1627, 1482, 1386, 1000, 1821, 829 ],
  [ 491, 1835, 1744, 978, 883, 733, 1626, 1485, 1392, 997, 1824, 826 ],
  [ 492, 1833, 1740, 980, 887, 735, 1625, 1481, 1390, 998, 1823, 830 ],
  [ 493, 1840, 1741, 981, 882, 730, 1632, 1488, 1387, 995, 1818, 827 ],
  [ 494, 1838, 1737, 983, 886, 732, 1631, 1484, 1385, 996, 1817, 831 ],
  [ 495, 1836, 1742, 977, 881, 734, 1630, 1487, 1391, 993, 1820, 828 ],
  [ 496, 1834, 1738, 979, 885, 736, 1629, 1483, 1389, 994, 1819, 832 ],
  [ 497, 1455, 1263, 1750, 1844, 1246, 1596, 1694, 1340, 753, 1511, 945 ],
  [ 498, 1453, 1259, 1752, 1848, 1242, 1595, 1693, 1338, 755, 1512, 949 ],
  [ 499, 1451, 1264, 1746, 1843, 1245, 1594, 1696, 1344, 757, 1509, 946 ],
  [ 500, 1449, 1260, 1748, 1847, 1241, 1593, 1695, 1342, 759, 1510, 950 ],
  [ 501, 1456, 1261, 1749, 1842, 1248, 1600, 1690, 1339, 754, 1507, 947 ],
  [ 502, 1454, 1257, 1751, 1846, 1244, 1599, 1689, 1337, 756, 1508, 951 ],
  [ 503, 1452, 1262, 1745, 1841, 1247, 1598, 1692, 1343, 758, 1505, 948 ],
  [ 504, 1450, 1258, 1747, 1845, 1243, 1597, 1691, 1341, 760, 1506, 952 ],
  [ 505, 1967, 1775, 2006, 1908, 1502, 761, 1660, 1950, 1404, 2023, 953 ],
  [ 506, 1965, 1771, 2008, 1912, 1498, 763, 1659, 1949, 1402, 2024, 957 ],
  [ 507, 1963, 1776, 2002, 1907, 1501, 765, 1658, 1952, 1408, 2021, 954 ],
  [ 508, 1961, 1772, 2004, 1911, 1497, 767, 1657, 1951, 1406, 2022, 958 ],
  [ 509, 1968, 1773, 2005, 1906, 1504, 762, 1664, 1946, 1403, 2019, 955 ],
  [ 510, 1966, 1769, 2007, 1910, 1500, 764, 1663, 1945, 1401, 2020, 959 ],
  [ 511, 1964, 1774, 2001, 1905, 1503, 766, 1662, 1948, 1407, 2017, 956 ],
  [ 512, 1962, 1770, 2003, 1909, 1499, 768, 1661, 1947, 1405, 2018, 960 ], [ 513, 516, 518 ],
  [ 514 ], [ 515, 520, 517 ], [ 519 ], [ 529, 532, 534 ], [ 530 ], [ 531, 536, 533 ],
  [ 535 ], [ 841, 844, 847, 846 ], [ 842, 845, 848, 843 ],
  [ 857, 860, 975, 1870, 862, 873, 969, 1868, 879, 974, 1871, 876 ], [ 858, 973, 1872, 875 ],
  [ 859, 864, 971, 1866, 861, 877, 970, 1867, 880, 976, 1869, 874 ], [ 863, 972, 1865, 878 ],
  [ 889, 1884, 1007, 1886, 1900, 990, 1001, 1998, 985, 1903, 1999, 892 ],
  [ 890, 1882, 1005, 1888, 1904, 986, 1003, 1997, 989, 1899, 2000, 891 ],
  [ 893, 1883, 1008, 1885, 1898, 992, 1002, 1994, 987, 1901, 1995, 896 ],
  [ 894, 1881, 1006, 1887, 1902, 988, 1004, 1993, 991, 1897, 1996, 895 ],
  [ 1009, 1852, 1519, 1758 ],
  [ 1010, 1850, 1517, 1515, 1760, 1856, 1754, 1757, 1013, 1520, 1851, 1011 ],
  [ 1012, 1854, 1513, 1516, 1756, 1855, 1753, 1759, 1014, 1518, 1849, 1015 ],
  [ 1016, 1853, 1514, 1755 ], [ 1017, 1916, 2031, 2014 ],
  [ 1018, 1914, 2029, 2027, 2016, 1920, 2010, 1019, 2013, 1021, 2032, 1915 ],
  [ 1020, 1918, 2025, 2028, 2012, 1919, 2009, 1023, 2015, 1022, 2030, 1913 ],
  [ 1024, 1917, 2026, 2011 ], [ 1025 ], [ 1026, 1029, 1027 ], [ 1028, 1030, 1031 ],
  [ 1032 ], [ 1033 ], [ 1034, 1037, 1035 ], [ 1036, 1038, 1039 ], [ 1040 ],
  [ 1201, 1207, 1204, 1206 ], [ 1202, 1205, 1203, 1208 ], [ 1209, 1719, 1268, 1462 ],
  [ 1210, 1213, 1715, 1272, 1458, 1211, 1717, 1266, 1464, 1720, 1267, 1461 ],
  [ 1212, 1214, 1716, 1271, 1457, 1215, 1713, 1270, 1460, 1718, 1265, 1463 ],
  [ 1216, 1714, 1269, 1459 ],
  [ 1273, 1465, 1783, 1526, 1780, 1470, 1721, 1975, 1727, 1524, 1974, 1276 ],
  [ 1274, 1469, 1779, 1528, 1784, 1466, 1723, 1976, 1725, 1522, 1973, 1275 ],
  [ 1277, 1467, 1781, 1525, 1778, 1472, 1722, 1971, 1728, 1523, 1970, 1280 ],
  [ 1278, 1471, 1777, 1527, 1782, 1468, 1724, 1972, 1726, 1521, 1969, 1279 ],
  [ 1529, 1977, 1983, 1791, 2038, 2036, 1534, 1785, 1788, 2039, 1532, 1982 ],
  [ 1530, 1981, 1787, 2040 ],
  [ 1531, 1978, 1979, 1792, 2034, 2035, 1533, 1789, 1786, 2037, 1536, 1984 ],
  [ 1535, 1980, 1790, 2033 ], [ 2041, 2044, 2047, 2046 ], [ 2042, 2045, 2043, 2048 ] ]

Further manual analysis:

Piece types:

1. core, REDUNDANT, 1 piece
2. [UFR], cube corner or FTO face, never move, only rotate. 2 chiral orbits. 8 pieces
3. [UFR,UFL] edges in Dino cube or FTO. 12 pieces
4. [UFR, ULB], "weird FTO corner", 2 orbits, 12 pieces
5. [UFR,UFL,DFR], FTO triangles, 2 orbits, 24 pieces
6. [UFR, UFL, UBR, UBL] FTO corners, 6 pieces
7. [UFL, UBR, DFR], circle Skewb corner, around [UFR] but not moved by [UFR] itself, 2 orbits, 8 pieces
8. [UFR, UFL, UBR, DFR], Skewb corner, 2 orbits, self-inverted, 8 pieces
9. [UFR, DLB], antipodal corners. just like [UD] of complex 3x3x3, REDUNDANT, 4 pieces
10. [UFR, UFL, DBR], 2 orbits, 24 pieces
11. [UBR, UFR, UFL, DFL], zigzag, 2 orbits, 24 pieces
12. [UFR, UFL, UBR, DBL], 2 orbits, 24 pieces
13. inverted [UFR,UFL,DFR], inverted FTO triangles, 2 orbits, 24 pieces
14. [UFR, DFR, UBL, DBL], two opposite edges. self inverted, 6 pieces
15. inverted [UFR, UFL, DBR], 2 orbits, 24 pieces
16. inverted [UFR,UFL], inverted edges in Dino cube or FTO. 12 pieces
17. [UFR, UBL, DFL, DBR], alternating corners. 2 orbits, 2 pieces in total
18. inverted [UFL, UBR, DFR], circle Skewb corner, 2 orbits, 8 pieces
19. inverted [UFR, ULB], inverted "weird FTO corner", 2 orbits, 12 pieces
20. inverted [UFR, DLB], inverted antipodal corners, REDUNDANT, 4 pieces
21. inverted [UFR], inverted face, 2 orbits, 8 pieces
22. inverted core, REDUNDANT, 1 piece




----------
Complex edge-turning cube:

Ruby can generate permutation for both pieces and stickers.
But even for piece only, GAP on my laptop cannot construct the group in one hour.


----------
Complex face-turning dodecahedron:

Ruby can generate permutation for both pieces and stickers.


----------
Complex vertex-turning dodecahedron:

Ruby can construct reorientation table, but cannot go further in a few minutes. The program needs to deal with 2^20 = one million objects.

----------
Complex edge-turning dodecahedron:

Ruby cannot run: array to large (to hold 2^30 = one billion pieces)